0 1
0.1 1.09922
0.2 1.2214
0.3 1.35223
0.4 1.48094
0.5 1.59986
0.6 1.70402
0.7 1.79077
0.8 1.85938
0.9 1.91074
1 1.94704
1.1 1.97141
1.2 1.98774
1.3 2.00035
1.4 2.0138
1.5 2.03269
1.6 2.06145
1.7 2.10418
1.8 2.16456
1.9 2.24567
2 2.34993
2.1 2.47903
2.2 2.6339
2.3 2.81462
2.4 3.0205
2.5 3.25006
2.6 3.50107
2.7 3.77061
2.8 4.0552
2.9 4.35087
3 4.6533
3.1 4.958
3.2 5.26047
3.3 5.55641
3.4 5.84194
3.5 6.11384
3.6 6.36984
3.7 6.60891
3.8 6.83155
3.9 7.04017
4 7.23942
4.1 7.43656
4.2 7.64193
4.3 7.8693
4.4 8.13638
4.5 8.46527
4.6 8.88297
4.7 9.42186
4.8 10.1203
4.9 11.0232
5 12.1825
5.1 13.6579
5.2 15.5175
5.3 17.8383
5.4 20.707
5.5 24.2209
5.6 28.488
5.7 33.6286
5.8 39.7754
5.9 47.0744
6 55.6861
6.1 65.7858
6.2 77.5651
6.3 91.232
6.4 107.013
6.5 125.151
6.6 145.912
6.7 169.58
6.8 196.462
6.9 226.885
7 261.203
7.1 299.793
7.2 343.059
7.3 391.428
7.4 445.361
7.5 505.343
7.6 571.893
7.7 645.558
7.8 726.922
7.9 816.599
8 915.241
8.1 1023.54
8.2 1142.21
8.3 1272.02
8.4 1413.79
8.5 1568.34
8.6 1736.59
8.7 1919.46
8.8 2117.93
8.9 2333.03
