0 1
0.1 2.27779
0.2 1.2214
0.3 1.04261
0.4 2.0138
0.5 3.27324
0.6 4.0552
0.7 4.34485
0.8 4.958
0.9 7.04562
1 11.0232
1.1 14.9249
1.2 12.1825
1.3 -11.1708
1.4 -79.8717
1.5 -233.374
1.6 -530.368
1.7 -1053.88
1.8 -1916.95
1.9 -3268.87
2 -5301.99
2.1 -8259.17
2.2 -12441.7
2.3 -18217.8
2.4 -26032
2.5 -36414.5
2.6 -49991.5
2.7 -67496.3
2.8 -89780.6
2.9 -117826
3 -152758
3.1 -195858
3.2 -248576
3.3 -312546
3.4 -389604
3.5 -481797
3.6 -591405
3.7 -720953
3.8 -873230
3.9 -1.05131e+06
4 -1.25857e+06
4.1 -1.49869e+06
4.2 -1.77571e+06
4.3 -2.09401e+06
4.4 -2.45837e+06
4.5 -2.87395e+06
4.6 -3.34635e+06
4.7 -3.8816e+06
4.8 -4.4862e+06
4.9 -5.16715e+06
5 -5.93196e+06
5.1 -6.78869e+06
5.2 -7.74593e+06
5.3 -8.81291e+06
5.4 -9.99944e+06
5.5 -1.1316e+07
5.6 -1.27737e+07
5.7 -1.43844e+07
5.8 -1.61607e+07
5.9 -1.81159e+07
6 -2.02641e+07
6.1 -2.26202e+07
6.2 -2.52e+07
6.3 -2.80202e+07
6.4 -3.10984e+07
6.5 -3.4453e+07
6.6 -3.81036e+07
6.7 -4.20707e+07
6.8 -4.63758e+07
6.9 -5.10416e+07
7 -5.60919e+07
7.1 -6.15514e+07
7.2 -6.74464e+07
7.3 -7.38042e+07
7.4 -8.06534e+07
7.5 -8.80238e+07
7.6 -9.59467e+07
7.7 -1.04455e+08
7.8 -1.13582e+08
7.9 -1.23364e+08
8 -1.33837e+08
8.1 -1.45041e+08
8.2 -1.57016e+08
8.3 -1.69802e+08
8.4 -1.83444e+08
8.5 -1.97987e+08
8.6 -2.13478e+08
8.7 -2.29965e+08
8.8 -2.475e+08
8.9 -2.66134e+08
